1502 121.46325684 31.31138802
1505 121.47136688 31.30895042
1508 121.4626236 31.30623055
1705 121.45211029 31.28437424
1707 121.45301056 31.28206825
1709 121.45277405 31.28302765
1820 121.43493652 31.24671364
1853 121.5122757 31.2881012
1896 121.48266602 31.30398178
1939 121.43768311 31.24791718
1993 121.47387695 31.27251434
1995 121.47306824 31.27295685
1997 121.47304535 31.27290535
2050 121.39911652 31.24320221
2089 121.40441895 31.24346924
2149 121.42501068 31.23576736
2150 121.42710876 31.23434448
2151 121.42366028 31.23340034
2235 121.5315094 31.29486465
2389 121.48030853 31.25100136
2477 121.54599762 31.3109436
3441 121.53955078 31.30575371
3462 121.47983551 31.29678726
3492 121.51488495 31.29277039
3507 121.48561859 31.29283714
3509 121.4855423 31.2926445
3603 121.50656128 31.30675697
3605 121.50663757 31.30657387
3607 121.51010132 31.29933929
3757 121.44941711 31.24646378
3843 121.46154785 31.27116776
3844 121.46635437 31.26754951
3846 121.46157074 31.2679863
3955 121.47964478 31.32348824
3987 121.42819214 31.2531414
3988 121.44287872 31.31814384
4011 121.44677734 31.24828339
4028 121.42022705 31.2563839
4030 121.42261505 31.25365639
4031 121.4180069 31.25437737
4054 121.47926331 31.25451279
4058 121.47922516 31.25484085
4093 121.44903564 31.24613762
4094 121.44342041 31.24422455
4095 121.44097137 31.2408886
4096 121.43611145 31.24105072
4118 121.44817352 31.24791527
4147 121.41527557 31.23871231
4321 121.50582123 31.30629539
4390 121.44905853 31.24620628
4392 121.44905853 31.24626923
4393 121.43295288 31.24190331
4450 121.53381348 31.33491707
4452 121.53383636 31.3307724
4454 121.53040314 31.332407
4472 121.48402405 31.26488304
4475 121.48491669 31.26391983
4477 121.4797287 31.2642765
4757 121.48275757 31.30008888
4782 121.44779968 31.2802887
4785 121.45337677 31.27778816
4788 121.44910431 31.27601051
4826 121.51275635 31.28228569
4828 121.51483917 31.27641487
4832 121.5128479 31.27698708
4884 121.43702698 31.24265862
4885 121.50421143 31.24299622
4909 121.52370453 31.31507111
4910 121.51737976 31.31362534
4926 121.46330261 31.26539993
4928 121.46401215 31.26089478
4929 121.45903015 31.26329994
4943 121.48182678 31.30386734
4945 121.48255157 31.30200577
4947 121.48010254 31.30212593
5009 121.41111755 31.24402809
5011 121.41158295 31.24396133
5152 121.48535919 31.29087639
5170 121.50295258 31.26789665
5171 121.50296021 31.26809311
5202 121.5051651 31.29190636
5250 121.53853607 31.31007195
5328 121.45797729 31.2491703
5353 121.44377136 31.30049133
5382 121.50915527 31.25787926
5409 121.45548248 31.24388123
5459 121.49761963 31.31322479
5462 121.50106812 31.30919075
5464 121.49530029 31.3100853
5496 121.45455933 31.24670601
5523 121.40904236 31.27206993
5525 121.40925598 31.27197838
5716 121.47174072 31.28492928
5913 121.47897339 31.28414917
5967 121.48088074 31.3172245
5981 121.50596619 31.30611801
6027 121.50311279 31.30528641
6044 121.50435638 31.30573654
6136 121.49746704 31.28892136
6170 121.51078796 31.26717949