1,2,5,15,18,23,36,55,73,77,80,121,144,174,456,189,293,212,223,228,226,235,243,252,256,817,843,855,1526,263,1195,1121,1710,1824,286,304,1267,307,669,358,359,363,364,368,369,370,371,372,375,376,377,388,398,430,448,461,471,500,512,517,568,569,570,572,574,605,609,619,622,636,939,1257,1285,638,650,653,682,689,724,759,762,763,789,819,823,1263,825,836,905,906,915,917,927,929,930,1562,1986,932,935,937,944,953,960,961,984,994,1013,1019,1021,1025,1066,1100,1031,1035,1037,1040,1049,1055,1087,1147,1164,1167,1178,1191,1198,1207,1218,1229,1232,1234,1238,1252,1270,1271,1276,1280,1991,1292,1293,1306,1313,1317,1323,1377,1383,1393,1415,1420,1447,1455,1461,1462,1469,1478,1484,1490,1491,1493,1507,1516,1522,1524,1532,1531,1555,1584,1594,1595,1598,1606,1630,1666,1713,1707,1721,1723,1730,1731,1751,1746,1765,1770,1772,1774,1783,1785,1811,1812,1840,1844,1853,1864,1871,1873,1880,1896,1909,1912,1914,1916,1927,1937,1942,1954,1955,1962,1964,1967,1974,1979,1983,550,1634,120,1421,331,332,367,484,519,522,546,816,1026,1146,1361,1448,1590,1720,1789,277,981
30,32,83,499,1212,1290,1850,98,179,187,1067,1749,1762,216,244,261,900,1217,237,439,1889,1952,1963,139,312,390,406,420,423,457,466,469,497,501,520,524,543,544,547,584,623,637,646,674,684,692,693,706,716,735,741,755,826,830,837,841,842,860,986,993,1012,1093,1095,1127,1130,1135,1151,1169,1193,1227,1237,1246,1303,1305,1339,1369,1374,1381,1405,1413,1419,1426,1485,1500,1553,1566,1579,1597,1607,1620,1643,1662,1673,1676,1687,1694,1704,1727,1897,1926,1956,1973,1753,1766,1790,1806,1821,1934,1965,287,797,1645
10,127,347,1059,136,161,526,617,218,262,1028,1444,1495,1502,1556,1872,1992,1998,1559,322,354,361,415,417,419,463,483,492,496,508,513,516,583,585,621,626,628,629,647,691,865,654,661,883,1725,1976,791,849,870,963,972,990,1000,1008,1034,1056,1071,1089,1112,1120,1247,1320,1334,1379,1388,1395,1400,1404,1410,1442,1443,1506,1509,1539,1561,1628,1644,1648,1656,1659,1667,1668,1695,1699,1711,1717,1726,1870,1877,1879,1888,1904,1773,1841,1848,1849,1861,1876,1881,1915,65,209,129,1435,270,1961
12,19,21,24,26,27,50,53,63,104,105,872,1984,146,153,156,168,211,709,992,217,765,810,231,248,254,365,473,1143,264,291,303,316,318,326,327,328,335,339,425,431,451,460,465,472,488,493,510,525,527,540,552,553,566,600,614,640,644,656,666,720,722,742,702,753,775,779,804,805,808,825,879,909,913,931,952,977,998,1023,1386,1487,1632,1650,1688,1714,1828,1990,954,965,967,976,985,987,988,999,1033,1039,1571,1053,1061,1101,1106,1107,1109,1128,1145,1160,1168,1170,1188,1210,1235,1321,1326,1329,1342,1346,1348,1357,1371,1390,1425,1429,1438,1445,1451,1457,1459,1463,1464,1467,1497,1515,1529,1568,1573,1600,1601,1626,1535,1576,1583,1588,1602,1953,1604,1631,1633,1649,1679,1681,1709,1960,1742,1750,1761,1794,1800,1819,1839,1854,1862,1867,1900,1754,1759,1825,1923,1924,1968,1972,1987,111,123,163,490,792,1569,1801,1803,1847,220,565,113,603,852,91,190,299,391,450,701,713,733,1366,739,978,1032,1352,1423,1436,1587,1787,1732,1734,1799,1856
47,51,52,68,103,135,911,210,912,1065,1640,79,158,386,413,452,482,494,511,1004,539,571,599,643,729,731,737,839,874,1273,880,902,910,1005,1024,1064,1079,1099,1140,1141,1155,1172,1190,1223,1226,1255,1264,1274,1387,1403,1437,1453,1471,1479,1542,1545,1582,1619,1739,1920,1735,1780,1781,1792,1804,1918,185,201,594,858,890,1406,1474,1521,175,258
7,278,579,561,310,114,142,152,215,236,296,300,269,273,282,283,744,289,394,407,408,676,319,329,341,405,422,432,441,453,475,478,531,1392,562,848,576,580,595,618,624,645,630,648,673,677,715,780,784,809,1332,1440,1609,835,921,884,898,907,925,970,1027,1125,1060,1075,1114,1131,1138,1153,1185,1189,1196,1225,1236,1240,1283,1288,1309,1402,1414,1434,1458,1473,1480,1599,1504,1527,1533,1536,1585,1617,1629,1661,1672,1682,1685,1722,1815,1752,1797,1813,1814,1817,1905,1919,1922,1925,1935,1940,1945,1946,1959,1989,61,69,253,366,895,1282,1373,1621,1622,1869,1971,664,1483,177,1088,1852,1980,230,330,707,885,1085,1184,1201,1258,1499,1611,1680,1701
718,400,592,734,749,793,838,861,955,1614,1068,1105,1142,1224,1331,1358,1384,1350,1690,1975,317,506,876,1449,1460,1530,800,881,1671,946,1046,1446,1664,1741,1775,274
59,70,94,126,238,983,1149,1494,1658,255,295,315,128,379,1092,164,989,1018,1809,202,224,1454,232,245,356,750,814,882,1175,1243,1277,1669,1836,1885,257,294,1322,302,314,414,418,428,446,449,470,479,518,536,924,560,581,586,587,591,601,688,696,704,747,815,828,888,1520,827,962,850,859,863,1941,891,1038,945,947,948,949,957,969,1044,1050,1074,1117,1134,1150,1158,1186,1199,1200,1204,1208,1214,1266,1297,1298,1310,1344,1398,2000,1408,1472,1547,1637,1638,1647,1654,1776,1737,1831,1835,1859,1890,1911,1936,1985,1996,454,509,392,411,940,1554,1698,1868,118,306,507,694,1431,1657,1716,1728
268,62,97,76,176,1096,1365,222,227,652,1084,1745,1866,239,247,267,382,444,597,635,705,1082,1108,1351,1418,1422,1757,1898,29,324,336,381,384,387,389,403,410,528,613,866,903,942,975,1951,1009,1020,1097,1294,1572,1665,34,162,251,348,321,107,555,116,138,271,1157,1318,1548,1567,1627,393,812,833,1826,1378,1417,1477,1693,1947,1763,1771,1860,1957,1977,229,1011,982,353,436,442,491,535,537,538,541,542,549,607,625,631,634,1939,834,851,899,904,920,936,1181,1216,1265,1304,1311,1312,1349,1382,1391,1613,1655,1678,1697,1928,1779,1784,1793,1823,1832,1843,1913
17,172,523,824,246,338,340,343,351,554,708,974,1401,1755,1829,1887,93,766
31,37,131,157,173,292,476,926,1231,1275,184,195,200,259,199,281,241,279,308,309,344,360,399,412,437,464,498,521,529,578,612,675,685,772,778,868,875,889,908,922,950,980,1300,1314,1007,1030,1042,1182,1241,1242,1244,1295,1428,1430,1486,1489,1518,1696,1921,1827,1833,1932,1943,373,700,1148,1995,313,818,1330
4,8,9,49,82,99,194,233,345,434,447,532,548,559,564,577,602,606,657,658,662,1262,1674,1708,1740,1978,717,723,726,756,811,853,894,896,916,928,959,1073,1080,1081,1115,1118,1133,1239,1641,1278,1284,1389,1416,1456,1465,1470,1525,1625,1578,1580,1635,1736,1802,1805,1810,115,249,290,298,844,771
196,250,284,395,433,659,683,761,813,857,1546,1807,806,864,567,1015,1052,1129,1132,1180,1281,1350,1385,1642,1427,1503,1528,1557,1623,1691,1743,1910,1958,1966,1001
125,1997,197,219,424,582,699,725,757,764,893,951,1165,1228,964,1014,1083,1259,1396,1603,1639,1744,1767,743,1102,1610,1893,427,727,820,1183,1508,1581,1636,1703,1760,1822,847,320,487,665,938,1002,1017,1098,1110,1159,1166,1179,1206,1253,1496,1513,1519,1591,1605,1537,1574,1689,1700,1988,1072,1078,1152,1498,1552,1938
33,58,180,265,240,467,551,342,385,416,421,495,514,557,598,627,641,854,1660,663,686,732,943,1051,1069,1103,1113,1119,1192,1203,1663,1684,1715,1718,1724,1729,1769,1798,1830,1846,1851,1874,1883,1895,1903,1994,108,489,563,670,678,751,1090,1205,1250,1299,1511,1615,1906,1929,149,221,311,349,440,589,596,1043,1733,1933,1538,334,374,462,504,632,679,695,871,958,1543,923,991,1036,1062,1551,1834,1111,1154,1173,1222,1315,1376,1380,1411,1475,1488,1501,1510,1541,1795,1558,1612,1692,1768,1999,1858,122,1363
109,170,192,266,502,198,1176,1191,1194,1197,1213,1254,1316,1327,1367,1534,1651,204,56,89,333,355,378,397,401,402,445,455,477,558,575,588,608,633,649,651,660,668,687,690,698,979,1047,1233,1719,1944,730,1163,754,758,767,822,867,869,1865,769,776,1412,1505,1764,845,846,878,966,997,1171,1596,892,941,956,973,1057,1123,1308,1891,1058,1324,1063,1086,1091,1211,1261,1855,1104,1122,1209,1816,1230,1251,1307,1319,1356,1399,1407,1452,1468,1476,1481,1492,1565,1570,1608,1616,1544,1550,1646,1706,1782,1786,1857,1747,1758,1882,1886,1901,1908,1930,1948,1949,719,821,1838,145,150,620,171,272,323,1523,1268,782,1791
38,829,1441,41,64,74,102,148,160,167,213,214,276,556,672,710,1345,280,301,1215,337,346,352,396,409,429,438,459,480,481,503,505,533,534,545,590,610,611,615,639,655,667,697,714,721,738,748,807,831,887,901,919,933,971,995,1003,1022,1077,1137,1248,1249,1302,1325,234,1336,1338,1345,1347,1354,1372,1424,1439,1450,1549,1540,1563,1575,1577,1589,1653,1670,1712,1144,1094,486,1677,1686,1705,1931,1748,1971,1820,1878,1884,1907,1981,1982,169,1269,288,350,380,1219,1286,1359,1328,1397,1517,1624,1837,1899,1902,46,1029,1333,1296,468,474,681,1156,1161,1174,1221,54,60,100,132,191,205,260,275,362,404,593,671,736,745,794,856,886,897,918,934,1560,1045,1048,1126,1136,1139,1162,1070,840,285,530,642,703,746,1010,1076,1375,1432,1220,1287,1301,1337,1343,1409,1778,1592,1875,1894,1950,1993,42,72,78,90,182,325,357,426,435,1041,242,515,680,740,1116,1256,1279,1291,1335,1353,1512,1586
165,1245,207,208,225,297,305,383,443,458,1272,1202,485,573,604,616,1702,711,712,728,752,760,768,770,773,774,777,781,783,785,786,787,788,790,795,796,798,799,801,802,803,832,862,873,877,968,996,1006,1016,1054,1124,1177,1187,1260,1289,1340,1341,1355,1360,1362,1364,1368,1370,1394,1433,1466,1482,1514,1593,1618,1652,1675,1683,1738,1756,1777,1788,1796,1808,1818,1842,1845,1863,1892,1917,1969,1970,1564,914 