250.88
44.28
655.63
190.83
67.62
119.57
173.07
107.88
185
222.11
245.16
109.77
146.57
51.63
149.51
86.71
152.63
81.13
119.4
502.92
267.1
65.02
133.17
94.76
171.57
125.91
197.21
55.96
276.01
194.82
196.16
76.07
132.05
54.77
240.12
47.41
107.28
57.91
98.04
263.09
267.93
235.08
111.05
114.81
49.97
77.26
114.79
139.88
119.37
113.47
193.08
129.41
206.75
119
155.05
127.69
85.09
53.21
135.21
326.13
124.68
79.89
123.62
108.33
223.12
35.29
75.98
77.04
671.11
106.55
108.43
47.67
49.83
141.19
317.65
30.22
112.09
33.27
95.79
300.61
239.32
233.88
130.61
111.21
232.08
388.89
175.79
131.05
100.55
97.99
126.78
153.09
77.46
106.57
33.81
254.1
22.99
57.78
110.39
90.66
109.51
70.61
338.28
77.47
82.02
107.8
113.74
158
74.04
47.83
139.99
304.96
64.82
238.93
63.82
115.27
164.67
359.39
118.36
114.06
89.82
28.46
64.47
113.7
265.94
39.56
322.74
259.2
21.75
70.81
172.35
51
137.64
36.56
182.85
146.85
80.84
136.59
80.22
103.19
123.88
148.91
78.91
86.38
30.09
52.51
190.85
42.39
59.53
65.79
30.21
68.03
216.88
200.15
402.5
114.29
246.08
103.1
146.87
49.03
181.61
64.68
114.66
34.56
63.58
374.66
148.28
82.73
58.88
92.44
165.22
167.09
87.1
86.89
204.6
68.14
44.67
133.54
167.87
92.86
92.07
242.47
201.05
70.9
335.5
250.28
120.56